2014  9 28 19 30  12.9  76.4 1008.4
2014  9 28 19 40  12.9  76.7 1008.4
2014  9 28 19 50  13.1  75.9 1008.5
2014  9 28 20  0  12.9  76.2 1008.6
2014  9 28 20 10  12.7  76.9 1008.6
2014  9 28 20 20  12.4  78.2 1008.7
2014  9 28 20 30  12.4  78.9 1008.7
2014  9 28 20 40  12.5  78.8 1008.8
2014  9 28 20 50  12.6  78.5 1008.8
2014  9 28 21  0  12.6  79.0 1008.8
2014  9 28 21 10  12.5  79.6 1008.8
2014  9 28 21 20  12.4  80.4 1008.8
2014  9 28 21 30  12.5  81.0 1008.8
2014  9 28 21 40  12.5  81.2 1008.8
2014  9 28 21 50  12.4  81.9 1008.9
2014  9 28 22  0  12.5  82.3 1008.9
2014  9 28 22 10  12.5  82.5 1008.9
2014  9 28 22 20  12.4  82.8 1008.9
2014  9 28 22 30  12.4  82.8 1009.0
2014  9 28 22 40  12.4  83.0 1009.2
2014  9 28 22 50  12.4  83.2 1009.3
2014  9 28 23  0  12.4  83.4 1009.4
2014  9 28 23 10  12.5  83.5 1009.4
2014  9 28 23 20  12.5  83.9 1009.5
2014  9 28 23 30  12.5  84.1 1009.5
2014  9 28 23 40  12.6  84.4 1009.6
2014  9 28 23 50  12.5  85.2 1009.5
2014  9 28 24  0  12.5  85.5 1009.5
2014  9 29  0 10  12.5  86.0 1009.5
2014  9 29  0 20  12.5  86.4 1009.5
2014  9 29  0 30  12.5  86.8 1009.5
2014  9 29  0 40  12.5  87.0 1009.4
2014  9 29  0 50  12.6  87.3 1009.4
2014  9 29  1  0  12.6  87.5 1009.5
2014  9 29  1 10  12.6  87.8 1009.6
2014  9 29  1 20  12.7  87.9 1009.5
2014  9 29  1 30  12.6  88.2 1009.4
2014  9 29  1 40  12.6  88.5 1009.4
2014  9 29  1 50  12.6  88.8 1009.4
2014  9 29  2  0  12.6  89.1 1009.4
2014  9 29  2 10  12.6  89.5 1009.3
2014  9 29  2 20  12.6  89.4 1009.4
2014  9 29  2 30  12.6  89.6 1009.3
2014  9 29  2 40  12.6  89.9 1009.4
2014  9 29  2 50  12.7  89.7 1009.4
2014  9 29  3  0  12.8  89.1 1009.4
2014  9 29  3 10  12.7  89.1 1009.4
2014  9 29  3 20  12.7  89.4 1009.4
2014  9 29  3 30  12.6  89.7 1009.3
2014  9 29  3 40  12.6  90.0 1009.3
2014  9 29  3 50  12.7  89.7 1009.4
2014  9 29  4  0  12.6  89.6 1009.4
2014  9 29  4 10  12.4  90.3 1009.4
2014  9 29  4 20  12.4  90.9 1009.5
2014  9 29  4 30  12.4  91.1 1009.6
2014  9 29  4 40  12.4  91.2 1009.6
2014  9 29  4 50  12.3  91.4 1009.7
2014  9 29  5  0  12.1  92.3 1009.7
2014  9 29  5 10  12.0  92.7 1009.7
2014  9 29  5 20  11.9  93.2 1009.6
2014  9 29  5 30  11.8  93.6 1009.6
2014  9 29  5 40  11.7  94.2 1009.4
2014  9 29  5 50  11.7  94.4 1009.6
2014  9 29  6  0  11.6  94.6 1009.5
2014  9 29  6 10  11.5  95.0 1009.5
2014  9 29  6 20  11.5  95.0 1009.6
2014  9 29  6 30  11.5  95.0 1009.6
2014  9 29  6 40  11.6  94.6 1009.7
2014  9 29  6 50  11.8  93.8 1009.8
2014  9 29  7  0  11.9  93.0 1009.8
2014  9 29  7 10  12.0  92.0 1010.0
2014  9 29  7 20  12.1  90.3 1009.9
2014  9 29  7 30  12.1  89.6 1010.0
2014  9 29  7 40  12.4  86.7 1010.1
2014  9 29  7 50  12.7  84.7 1010.1
2014  9 29  8  0  12.9  82.5 1010.2
2014  9 29  8 10  13.0  80.2 1010.2
2014  9 29  8 20  13.1  78.2 1010.3
2014  9 29  8 30  13.3  76.4 1010.3
2014  9 29  8 40  13.5  73.7 1010.5
2014  9 29  8 50  13.7  71.8 1010.6
2014  9 29  9  0  13.8  69.8 1010.6
2014  9 29  9 10  14.0  67.7 1010.7
2014  9 29  9 20  14.1  65.3 1010.8
2014  9 29  9 30  14.3  61.8 1010.9
2014  9 29  9 40  14.7  60.2 1010.9
2014  9 29  9 50  14.8  56.5 1010.9
2014  9 29 10  0  15.0  56.3 1011.0
2014  9 29 10 10  15.3  54.8 1011.1
2014  9 29 10 20  15.3  53.2 1011.2
2014  9 29 10 30  15.5  51.0 1011.3
2014  9 29 10 40  15.6  51.3 1011.4
2014  9 29 10 50  15.7  50.6 1011.4
2014  9 29 11  0  15.8  49.9 1011.4
2014  9 29 11 10  15.7  47.8 1011.5
2014  9 29 11 20  15.9  47.1 1011.6
2014  9 29 11 30  16.1  45.3 1011.6
2014  9 29 11 40  16.3  42.3 1011.6
2014  9 29 11 50  16.5  42.7 1011.7
2014  9 29 12  0  16.7  41.2 1011.7
2014  9 29 12 10  16.7  41.0 1011.7
2014  9 29 12 20  17.0  38.0 1011.7
2014  9 29 12 30  17.2  37.3 1011.8
2014  9 29 12 40  17.4  36.2 1011.9
2014  9 29 12 50  17.2  35.5 1011.9
2014  9 29 13  0  17.2  34.4 1012.0
2014  9 29 13 10  17.1  33.6 1012.1
2014  9 29 13 20  17.1  32.9 1012.2
2014  9 29 13 30  17.2  33.5 1012.3
2014  9 29 13 40  17.1  34.7 1012.4
2014  9 29 13 50  16.9  35.8 1012.6
2014  9 29 14  0  16.8  36.8 1012.6
2014  9 29 14 10  16.7  37.9 1012.7
2014  9 29 14 20  16.8  37.8 1012.8
2014  9 29 14 30  16.8  37.8 1012.8
2014  9 29 14 40  16.8  38.0 1012.8
2014  9 29 14 50  16.6  37.8 1012.9
2014  9 29 15  0  16.6  38.2 1013.0
2014  9 29 15 10  16.6  37.0 1013.1
2014  9 29 15 20  16.6  37.0 1013.2
2014  9 29 15 30  16.7  34.6 1013.2
2014  9 29 15 40  16.6  35.2 1013.3
2014  9 29 15 50  16.2  36.5 1013.3
2014  9 29 16  0  16.1  35.4 1013.4
2014  9 29 16 10  15.8  36.7 1013.5
2014  9 29 16 20  15.5  38.5 1013.6
2014  9 29 16 30  15.3  39.0 1013.7
2014  9 29 16 40  14.9  41.0 1013.8
2014  9 29 16 50  14.6  43.0 1013.9
2014  9 29 17  0  14.4  42.7 1014.0
2014  9 29 17 10  13.9  44.3 1014.1
2014  9 29 17 20  13.2  47.2 1014.1
2014  9 29 17 30  13.1  48.3 1014.2
2014  9 29 17 40  12.5  50.3 1014.3
2014  9 29 17 50  12.5  50.8 1014.4
2014  9 29 18  0  11.6  53.4 1014.5
2014  9 29 18 10  11.0  57.5 1014.7
2014  9 29 18 20  10.2  62.2 1014.9
2014  9 29 18 30  10.1  63.5 1015.0
2014  9 29 18 40  10.0  62.8 1015.1
2014  9 29 18 50  10.6  60.0 1015.1
2014  9 29 19  0  10.4  59.4 1015.2
2014  9 29 19 10   9.1  63.8 1015.4
2014  9 29 19 20   8.6  68.6 1015.5
2014  9 29 19 30   8.5  69.2 1015.6
2014  9 29 19 40   8.6  70.4 1015.7
2014  9 29 19 50   9.1  66.8 1015.9
2014  9 29 20  0   9.3  64.1 1016.0
2014  9 29 20 10   9.6  61.5 1016.0
2014  9 29 20 20   9.6  61.2 1016.2
2014  9 29 20 30   9.6  60.7 1016.3
2014  9 29 20 40  10.0  57.3 1016.4
2014  9 29 20 50  10.3  55.1 1016.5
2014  9 29 21  0  10.3  54.6 1016.6
2014  9 29 21 10  10.3  53.8 1016.7
2014  9 29 21 20  10.4  52.9 1016.9
2014  9 29 21 30  10.4  52.9 1017.0
2014  9 29 21 40  10.3  53.3 1017.2
2014  9 29 21 50   9.8  55.1 1017.3
2014  9 29 22  0   9.3  58.1 1017.3
2014  9 29 22 10   9.1  58.9 1017.6
2014  9 29 22 20   8.9  60.5 1017.7
2014  9 29 22 30   8.6  61.7 1017.9
2014  9 29 22 40   8.2  63.4 1018.0
2014  9 29 22 50   8.2  62.9 1018.0
2014  9 29 23  0   8.3  62.0 1018.1
2014  9 29 23 10   8.1  62.9 1018.1
2014  9 29 23 20   8.2  62.6 1018.2
2014  9 29 23 30   7.8  63.6 1018.2
2014  9 29 23 40   7.8  65.2 1018.3
2014  9 29 23 50   7.7  65.6 1018.4
2014  9 29 24  0   7.2  67.0 1018.4
2014  9 30  0 10   7.1  68.4 1018.5
2014  9 30  0 20   6.9  69.5 1018.6
2014  9 30  0 30   7.1  68.2 1018.6
2014  9 30  0 40   6.8  68.6 1018.6
2014  9 30  0 50   6.8  68.9 1018.7
2014  9 30  1  0   6.7  69.1 1018.7
2014  9 30  1 10   6.4  70.3 1018.7
2014  9 30  1 20   6.5  69.8 1018.7
2014  9 30  1 30   6.6  69.6 1018.8
2014  9 30  1 40   6.8  68.7 1018.8
2014  9 30  1 50   6.9  68.1 1018.9
2014  9 30  2  0   6.6  69.1 1019.0
2014  9 30  2 10   6.4  69.9 1019.0
2014  9 30  2 20   6.3  70.2 1019.2
2014  9 30  2 30   6.1  71.1 1019.2
2014  9 30  2 40   6.0  71.1 1019.4
2014  9 30  2 50   5.9  71.7 1019.5
2014  9 30  3  0   5.8  72.2 1019.5
2014  9 30  3 10   5.7  72.7 1019.7
2014  9 30  3 20   5.6  73.2 1019.7
2014  9 30  3 30   5.5  73.5 1019.8
2014  9 30  3 40   5.5  73.8 1019.9
2014  9 30  3 50   5.2  75.0 1020.0
2014  9 30  4  0   5.0  75.4 1020.1
2014  9 30  4 10   5.0  76.0 1020.1
2014  9 30  4 20   5.2  75.5 1020.2
2014  9 30  4 30   5.1  75.8 1020.2
2014  9 30  4 40   5.1  75.9 1020.3
2014  9 30  4 50   4.9  76.6 1020.4
2014  9 30  5  0   4.7  77.3 1020.3
2014  9 30  5 10   4.4  78.3 1020.5
2014  9 30  5 20   4.1  79.7 1020.5
2014  9 30  5 30   4.0  80.5 1020.5
2014  9 30  5 40   3.9  81.2 1020.3
2014  9 30  5 50   4.0  81.3 1020.7
2014  9 30  6  0   3.8  81.8 1020.8
2014  9 30  6 10   3.7  82.6 1021.0
2014  9 30  6 20   3.5  83.5 1021.2
2014  9 30  6 30   3.9  82.5 1021.3
2014  9 30  6 40   4.2  81.0 1021.4
2014  9 30  6 50   4.3  80.8 1021.4
2014  9 30  7  0   4.7  79.2 1021.6
2014  9 30  7 10   5.0  77.4 1021.7
2014  9 30  7 20   5.2  76.6 1021.9
2014  9 30  7 30   5.6  75.8 1022.0
2014  9 30  7 40   5.8  74.6 1022.2
2014  9 30  7 50   6.0  73.9 1022.3
2014  9 30  8  0   6.4  73.2 1022.4
2014  9 30  8 10   6.7  72.0 1022.5
2014  9 30  8 20   7.1  70.9 1022.6
2014  9 30  8 30   7.3  70.8 1022.7
2014  9 30  8 40   7.6  70.2 1022.8
2014  9 30  8 50   8.0  69.3 1022.8
2014  9 30  9  0   8.3  68.6 1022.9
2014  9 30  9 10   8.6  67.5 1022.9
2014  9 30  9 20   8.7  67.9 1023.0
2014  9 30  9 30   9.0  67.5 1023.1
2014  9 30  9 40   9.2  67.2 1023.1
2014  9 30  9 50   9.5  67.3 1023.2
2014  9 30 10  0   9.6  67.1 1023.2
2014  9 30 10 10  10.0  66.2 1023.4
2014  9 30 10 20  10.0  66.0 1023.4
2014  9 30 10 30  10.1  65.7 1023.5
2014  9 30 10 40  10.4  65.4 1023.5
2014  9 30 10 50  10.5  64.4 1023.6
2014  9 30 11  0  10.6  64.1 1023.6
2014  9 30 11 10  10.8  63.2 1023.6
2014  9 30 11 20  11.0  61.3 1023.6
2014  9 30 11 30  11.1  59.6 1023.7
2014  9 30 11 40  11.4  57.3 1023.7
2014  9 30 11 50  11.5  57.3 1023.7
2014  9 30 12  0  11.5  57.0 1023.8
2014  9 30 12 10  11.7  57.3 1023.8
2014  9 30 12 20  12.0  56.6 1023.8
2014  9 30 12 30  12.0  56.1 1023.8
2014  9 30 12 40  12.2  53.7 1023.8
2014  9 30 12 50  12.2  51.2 1023.8
2014  9 30 13  0  12.4  49.5 1023.9
2014  9 30 13 10  12.7  46.6 1023.8
2014  9 30 13 20  12.8  46.6 1023.9
2014  9 30 13 30  12.8  47.2 1023.9
2014  9 30 13 40  12.8  46.9 1024.0
2014  9 30 13 50  12.9  48.0 1023.9
2014  9 30 14  0  12.9  47.0 1023.9
2014  9 30 14 10  12.9  46.5 1024.0
2014  9 30 14 20  12.8  46.0 1024.0
2014  9 30 14 30  12.6  45.9 1024.0
2014  9 30 14 40  12.5  45.9 1024.1
2014  9 30 14 50  12.5  46.5 1024.1
2014  9 30 15  0  12.5  46.5 1024.2
2014  9 30 15 10  12.4  46.4 1024.2
2014  9 30 15 20  12.5  47.3 1024.2
2014  9 30 15 30  12.5  46.0 1024.2
2014  9 30 15 40  12.3  47.2 1024.1
2014  9 30 15 50  12.3  47.8 1024.3
2014  9 30 16  0  12.1  47.2 1024.4
2014  9 30 16 10  11.9  47.5 1024.4
2014  9 30 16 20  11.8  48.0 1024.5
2014  9 30 16 30  11.8  47.5 1024.5
2014  9 30 16 40  11.5  48.8 1024.6
2014  9 30 16 50  11.4  49.1 1024.6
2014  9 30 17  0  11.1  51.0 1024.6
2014  9 30 17 10  10.4  54.2 1024.8
2014  9 30 17 20  10.5  55.6 1024.9
2014  9 30 17 30  10.1  57.6 1025.0
2014  9 30 17 40   9.9  58.3 1025.0
2014  9 30 17 50   9.7  58.4 1025.1
2014  9 30 18  0   9.2  59.9 1025.2
2014  9 30 18 10   8.0  65.7 1025.4
2014  9 30 18 20   7.3  71.4 1025.5
2014  9 30 18 30   7.3  73.1 1025.5
2014  9 30 18 40   6.7  75.0 1025.6
2014  9 30 18 50   6.0  78.9 1025.7
2014  9 30 19  0   5.7  81.6 1025.8
2014  9 30 19 10   5.3  83.5 1025.9
2014  9 30 19 20   4.8  85.2 1025.9
2014  9 30 19 30   4.6  87.0 1025.9
2014  9 30 19 40   4.4  88.2 1025.9
2014  9 30 19 50   4.2  89.7 1026.1
2014  9 30 20  0   4.1  90.6 1026.1
2014  9 30 20 10   4.1  91.1 1026.2
2014  9 30 20 20   3.9  91.1 1026.2
2014  9 30 20 30   3.9  91.7 1026.3
2014  9 30 20 40   3.6  91.1 1026.3
2014  9 30 20 50   3.3  91.7 1026.4
2014  9 30 21  0   3.3  93.5 1026.5
2014  9 30 21 10   3.2  93.1 1026.5
2014  9 30 21 20   3.0  93.2 1026.5
2014  9 30 21 30   2.7  93.8 1026.6
2014  9 30 21 40   2.7  95.2 1026.7
2014  9 30 21 50   2.6  95.3 1026.7
2014  9 30 22  0   2.5  94.8 1026.8
2014  9 30 22 10   2.2  94.6 1026.8
2014  9 30 22 20   1.8  94.8 1026.8
2014  9 30 22 30   1.5  94.9 1026.9
2014  9 30 22 40   1.5  95.4 1027.0
2014  9 30 22 50   1.5  95.7 1027.1
2014  9 30 23  0   1.2  95.9 1027.1
2014  9 30 23 10   1.3  96.1 1027.2
2014  9 30 23 20   1.3  96.0 1027.2
2014  9 30 23 30   0.9  95.7 1027.3
2014  9 30 23 40   0.8  95.8 1027.3
2014  9 30 23 50   0.7  95.7 1027.4
2014  9 30 24  0   0.7  95.9 1027.3