2014  9 26 14 40  14.5  81.5  997.2
2014  9 26 14 50  14.4  81.8  997.0
2014  9 26 15  0  14.5  82.4  997.0
2014  9 26 15 10  14.6  82.8  997.0
2014  9 26 15 20  14.6  83.0  996.8
2014  9 26 15 30  14.6  82.9  996.8
2014  9 26 15 40  14.5  84.1  996.6
2014  9 26 15 50  14.6  83.7  996.3
2014  9 26 16  0  14.7  83.2  996.3
2014  9 26 16 10  14.8  83.3  996.0
2014  9 26 16 20  14.9  83.4  995.9
2014  9 26 16 30  15.1  83.2  995.8
2014  9 26 16 40  15.2  82.8  995.6
2014  9 26 16 50  15.4  82.1  995.5
2014  9 26 17  0  15.6  81.3  995.4
2014  9 26 17 10  15.7  80.7  995.3
2014  9 26 17 20  15.8  80.1  995.2
2014  9 26 17 30  15.9  79.4  995.1
2014  9 27 19 30  12.2  66.8 1008.3
2014  9 27 19 40  12.0  67.8 1008.3
2014  9 27 19 50  11.9  68.6 1008.4
2014  9 27 20  0  11.8  68.9 1008.4
2014  9 27 20 10  11.6  69.8 1008.4
2014  9 27 20 20  11.5  70.9 1008.4
2014  9 27 20 30  11.4  71.7 1008.4
2014  9 27 20 40  11.2  72.6 1008.5
2014  9 27 20 50  11.1  73.4 1008.5
2014  9 27 21  0  11.1  73.1 1008.6
2014  9 27 21 10  11.2  72.6 1008.5
2014  9 27 21 20  11.1  73.0 1008.6
2014  9 27 21 30  11.2  72.6 1008.6
2014  9 27 21 40  11.3  72.2 1008.7
2014  9 27 21 50  11.2  72.6 1008.7
2014  9 27 22  0  11.3  72.0 1008.8
2014  9 27 22 10  11.3  72.4 1008.8
2014  9 27 22 20  11.1  73.3 1008.8
2014  9 27 22 30  11.1  73.9 1008.8
2014  9 27 22 40  11.0  74.4 1008.8
2014  9 27 22 50  10.9  75.8 1008.8
2014  9 27 23  0  10.8  76.7 1008.6
2014  9 27 23 10  10.7  77.3 1008.6
2014  9 27 23 20  10.7  77.6 1008.7
2014  9 27 23 30  10.5  78.3 1008.7
2014  9 27 23 40  10.3  79.7 1008.6
2014  9 27 23 50  10.3  80.3 1008.6
2014  9 27 24  0  10.3  80.3 1008.6
2014  9 28  0 10  10.2  81.4 1008.6
2014  9 28  0 20  10.3  82.0 1008.6
2014  9 28  0 30  10.4  82.5 1008.6
2014  9 28  0 40  10.4  82.7 1008.6
2014  9 28  0 50  10.6  82.8 1008.5
2014  9 28  1  0  10.7  83.0 1008.5
2014  9 28  1 10  10.8  82.7 1008.5
2014  9 28  1 20  10.8  82.4 1008.5
2014  9 28  1 30  10.7  82.7 1008.5
2014  9 28  1 40  10.7  83.3 1008.5
2014  9 28  1 50  10.8  83.3 1008.5
2014  9 28  2  0  10.8  83.3 1008.5
2014  9 28  2 10  10.8  83.6 1008.4
2014  9 28  2 20  10.8  83.8 1008.4
2014  9 28  2 30  10.8  84.2 1008.4
2014  9 28  2 40  10.8  84.4 1008.6
2014  9 28  2 50  10.9  84.5 1008.6
2014  9 28  3  0  11.0  84.1 1008.5
2014  9 28  3 10  11.0  84.2 1008.5
2014  9 28  3 20  10.9  84.8 1008.5
2014  9 28  3 30  10.8  85.6 1008.5
2014  9 28  3 40  10.8  86.2 1008.5
2014  9 28  3 50  10.9  86.4 1008.6
2014  9 28  4  0  11.0  86.3 1008.6
2014  9 28  4 10  11.0  86.3 1008.5
2014  9 28  4 20  11.0  86.6 1008.5
2014  9 28  4 30  11.1  86.6 1008.5
2014  9 28  4 40  10.9  86.6 1008.5
2014  9 28  4 50  11.0  86.6 1008.6
2014  9 28  5  0  11.0  86.2 1008.5
2014  9 28  5 10  11.0  86.4 1008.5
2014  9 28  5 20  10.9  86.6 1008.5
2014  9 28  5 30  10.9  86.4 1008.5
2014  9 28  5 40  10.9  86.6 1008.5
2014  9 28  5 50  10.8  87.3 1008.5
2014  9 28  6  0  10.8  87.7 1008.6
2014  9 28  6 10  10.8  87.7 1008.6
2014  9 28  6 20  11.0  87.1 1008.6
2014  9 28  6 30  11.1  86.5 1008.7
2014  9 28  6 40  11.2  86.4 1008.7
2014  9 28  6 50  11.5  85.4 1008.7
2014  9 28  7  0  11.7  84.5 1008.8
2014  9 28  7 10  12.0  83.0 1008.7
2014  9 28  7 20  12.2  81.7 1008.8
2014  9 28  7 30  12.4  81.0 1008.9
2014  9 28  7 40  12.3  81.1 1008.8
2014  9 28  7 50  12.2  81.0 1008.7
2014  9 28  8  0  12.5  80.0 1008.8
2014  9 28  8 10  12.6  78.8 1008.8
2014  9 28  8 20  12.8  77.6 1008.7
2014  9 28  8 30  13.1  76.2 1008.7
2014  9 28  8 40  13.4  75.3 1008.6
2014  9 28  8 50  13.5  73.7 1008.5
2014  9 28  9  0  13.8  73.5 1008.5
2014  9 28  9 10  14.0  72.6 1008.5
2014  9 28  9 20  14.1  71.6 1008.5
2014  9 28  9 30  14.4  70.4 1008.4
2014  9 30  5 10   4.4  78.3 1020.5
2014  9 30  5 20   4.1  79.7 1020.5
2014  9 30  5 30   4.0  80.5 1020.5
2014  9 30  5 40   3.9  81.2 1020.3
2014  9 30  5 50   4.0  81.3 1020.7
2014  9 30  6  0   3.8  81.8 1020.8
2014  9 30  6 10   3.7  82.6 1021.0
2014  9 30  6 20   3.5  83.5 1021.2
2014  9 30  6 30   3.9  82.5 1021.3
2014  9 30  6 40   4.2  81.0 1021.4
2014  9 30  6 50   4.3  80.8 1021.4
2014  9 30  7  0   4.7  79.2 1021.6
2014  9 30  7 10   5.0  77.4 1021.7
2014  9 30  7 20   5.2  76.6 1021.9
2014  9 30  7 30   5.6  75.8 1022.0
2014  9 30  7 40   5.8  74.6 1022.2
2014  9 30  7 50   6.0  73.9 1022.3
2014  9 30  8  0   6.4  73.2 1022.4
2014  9 30  8 10   6.7  72.0 1022.5
2014  9 30  8 20   7.1  70.9 1022.6
2014  9 30  8 30   7.3  70.8 1022.7
2014  9 30  8 40   7.6  70.2 1022.8
2014  9 30  8 50   8.0  69.3 1022.8
2014  9 30  9  0   8.3  68.6 1022.9